cam=[0	49	35	25	40	64	44	26	38	15	24	34	31	23	21	34	24	0	113	39	62	39	41	20	0	180	36	37	0	0	...
    175	35	29	55	0	96	179	86	145	62	0	37	69	143	0	63	163	0	113	576	477	434	0	181	178	344	262	291	618	624 ...
    431	303	446	655	511	616	580	508	698	880	761	388	730	841	938	672	650	558	538	520	506	480	472	446	358	335	350	360	345	393	... 
    415	460	488	560	556	568	660	649	599	588	579	690	616	750	729	886	538	631	589	678	729	426	655	638	468	542	495	693	625	799	...
    471	659	735	678	587	655	699	745	839	883	723	1130	999	966	948	993	896	935	981	954	988	933	981	911	830	915	996	889	836	845	...
    790	825	812	811	825	860	819	778	685	766	765	668	658	671	560	577	583	591	588	522	556	508	499	486	455	423	598	588	593	556	593	533 ...
    519	493	496	410	466	428	423	411	401	438	408	439	455	416	491	422	461	528	511	596	589	660	658	662	629	657	653	...
    693	698	648	612	622	628	637	638	822	816	830	839	866	881	978	232]';

indo=[433	292	349	395	484	367	338	336	533	387	233	484	689	568	490	529	489	496	486	693	973	634	949	526	479	415	686	687	678	557	700	467	609	684	585	703	993	672	847	1043	1240	979	1111	1014	857	1017	1106	1031	1331	1041	1226	862	954	1051	1113	1178	1240	1385	1198	1082	1293	1385	1624	1301	1447	1607	1209 ...
    1268	1853	2657	1611	1671	1681	1282	1591	1522	1574	1462	1752	1639	1693	1655	1882	1906	1761	1868	1492	1525	1748	2381	1904	2040	1560	1519	1679	1922	1815	1882	2473	2277	1893	1687	1693	1942	2098	2307	2345	2081	1821	1673	1902	2266	2197 ...
    2090	2037	1877	2447	2306	2719	3003	3308	2858	2743	2775	3075	3622	3269	3128	3444	2880	3046	3307	3861	3737	3806	3636	3141	3507	3963	3635	3891	4168	3989	4176	4071	4465	4634	4823	4494	3874	3509	4002	4284	4174	4317	4007	3992	3622	4056 ...
    4538	4850	4094	4294	4497	3267	3906	4127	4411	4301	4301	4105	3373	3602	4267	4432	4369	4070	3732	3222	3520	4029	3565	2897	3143	2696	2618	2973	3356	4065	3778	4262	3880	2853	3779	3770	4173	5444	5272	4106	3535	3807	4265	4798	4792	4998 ...
    4360	4442	4192	5534	4917	5828	5418	6267	4617	5092	5533	8369	5803	6027	6089	5754	5292	6058	6033	6310	6388	6189	5489	6120	6725	7354	6689	7751	6982	6848	6347	7514	7199	7259	6740	6528	5854	7903	8002	8074	8072	7203	6877	6753	7445	8854 ...
    9321	10617	10046	9640	8692	10047	11278	11557	12818	14224	11287	9086	10365	12568	11703	13632	12191	11788	9994	13094	11948	13695	13802	14518	12001	10994	10379	11984	11434	11749	12156	10827	8242	8700	8776	8435	9869	8844	6765	6462	10029	9687	9039	10614	8054	7300 ...
    10180	9775	7533	8493	8232	6208	5560	6680	5712	6808	7264	6971	5767	5826	6894	6389	5633	5144	6412	4607	4714	5589	5414	6825	6570	6279	5656	4396	5744	5297	5227	6107	4982	4461	4083	5008	4682	5937	6142	5325	4345	6731	3712	4549	4860	5504 ...
    5265	4723	4127	4829	5702	5656	6177	5363	5041	4585	4952	5549	5720	6243	5436	4544	4402	5944	4656	5241	5833	5500	4512	4394	4730	4369	5285	5647	6327	6130	3922	4891	5021	4608	3448	2633	2385	3080	4295	4185	4871	5797	5746	5296	5280	5907 ...
    5060	5034	6278	5862	6565	6115	5662	4824	5246	5353	6486	6594	5832	6993	6294	7725	8892	8083	7465	9868	8189	8161	9944	12624	12990	12906	13737	14536	13668	15308	20574	18872	21095	21342	20694	20467	21807	24836	25830	27913	27233	29745	31189	34379	38391	38124 ...
    35094	36197	40427	47899	54517	56757	54000	51952	44721	34257	38325	33772	49509	49071	45416	38679	28228	45203	47791	43479	41168	37284	30738	22404	33900	35867	35764	39532	31753	26415	20709	32081	30625	24709	30788	28598	20813	17384	20741	15768	22053	20004	16744	12408	9604	19106 ...
    18671	16899	12618	10050	7427	5436	10534	10337	0	16752	6727	5403	4413	7201	6731	5990	5376	5001	3779	2577	4128	3948	3145	3835	3385	2234	1932	3263	2720	2881	2557	2137	1760	1390	2057	1954	1690	1624]';

maly=[69	105	122	55	30	45	39	68	54	67	70	16	37	40	36	17	22	47	37	31	50	78	48	60	172	187	15	10	103	30	57	38	20	93	277	19	37	19	7	7	2	31	33	43	8	41	11	10	14	6	21	16	15	3	6	4	6	10	18	3	2	1	3	5	10	5	5	6	3	6	13	8	14	7	4	5	3	18	9	15	21	15	16	9	21	23	13	7	39	13	8	...
    12	9	14	2	1	21	15	25	7	13	11	9	11	15	20	26	25	12	7	16	5	9	8	10	7	11	6	5	10	11	17	6	14	6	14	11	6	6	62	100	24	45	182	58	47	31	23	62	21	95	20	52	57	82	147	71	111	82	150	115	101	89	260	287	317	293	432	691	489	375	354	374	561	563	660	660	589	629	869	871	865	862	732	847	710	1228	823	1240	835	801 ...
    649	799	659	957	834	1054	1032	1009	1755	1168	852	972	869	822	919	1304	1114	1208	1103	1210	660	1290	958	1041	1096	1884	2188	970	935	1109	1315	1309	1212	1472	851	1075	1141	1123	1335	1600	1012	959	2234	1810	1937	1229	1371	1772	1295	1220	1683	1153	1340	2018	...
    2062	1348	1581	1247	2335	1196	1594	1925	1870	2525	2068	2295	1704	1741	2027	2593	3027	2643	2451	2433	2232	3309	2985	3337	3211	4029	3339	3306	3631	4008	3170	3631	4275	3346	3048	3585	3680	4094	5725	5728	5298	4214	3455	4284	4571	3391	... 
    3847	3731	3100	2764	3288	3384	3318	3499	2464	2176	2720	2998	2712	2936	2461	3297	2192	2468	3545	1924	2253	2364	2437	1828	1555	1745	2063	2154	1680	1683	1529	1280	1448	1647	1575	1470	1354	1208	1063	1219	1213	1576	1671	1327	1116	1384	...
    1268	1360	1275	1199	1302	941	1133	1482	1178	1294	1638	1349	1070	1300	1139	1285	1854	1510	1739	1317	1767	1889	2148	2551	2331	2195	2078	2341	2340	2875	2847	2717	2690	2776	2733	3142	3332	3788	2881	3418	2500	3120	3744	3551	4498	4519	3733 ...
    3807	3973	4765	4855	4113	4140	3780	4446	4865	6075	6806	6493	6320	6976	6509	7289	7478	7857	8290	9020	6999	6824	7105	7703	8209	7748	7452	6241	5271	5566	6239	5671	6849	5793	5304	4949	5419	5150	5738	6440	5911	5293	4611	4743	5244	5841	5812 ...
    5803	5586	5218	6437	6276	6988	6982	6658	6045	6387	7654	7097	8868	9180	9353	9105	8574	11079	11618	13215	12541	12528	10710	10972	12366	11985	13034	15573	15902	17045	14516	16117	17405	17170	16840	17786	17150	15764	17105	19819	20596	20889	19257	18688	17236	19991	20780 ...
    21668	21468	20670	20546	19740	19631	22242	22948	23564	22262	19807	17672	20837	22642	24599	22070	22597	20579	19268	20897	18762	20988	19378	19057	20396	17352	18547	19733	19307	21176	19550	19198	16073	15669	19495	18815	17577	15549	14954	14345	15759	14990	13754	14554	13899	13104	10959 ...
    11332	12434	12735	11889]';

