% cambodia
V=[3	7	3	1	3	4	0	0	6	6	5	5	6	5	0	3	4	2	3	5	1	2	9	3	4	7	4	2	7	6	5	6	10	6	6	10	11	3	12	11	11	11	9	15	13	13	7	12	14	20	17	10	...
    18	16	18	16	14	17	16	19	27	26	32	36	24	28	31	19	27	30	26	21	23	28	33	39	27	24	30	22	21	19	20	34	32	29	22	19	15	11	25	22	23	22	29	17	19	19	11	25	23	17	12	20 ...
    20	12	17	21	14	12	17	15	16	14	16	13	14	6	17	12	11	11	11	13	12	9	13	7	13	11	6	20	12	9	12	9	9	9	11	11	7	13	14	17	14	22	21	21	25	18	26	15	17	17]';
% indonia
% V=[131	144	153	188	212	147	167	179	170	206	247	152	99	107	144	126	212	172	192	218	186	132	123	127	172	144	136	193	162	142	174	145	185	187	201	153	163	191	189	170	211	193	164	149	237	164	196	277	290	248	371 ...
%     294	335	303	355	422	358	409	423	463	467	504	539	493	555	558	728	1040	852	871	826	1007	891	864	991	982	1205	1092	1093	1338	1280	1383	1449	1566	1415	1266	1487	2069	1824 ...
%     1893	1759	1808	1604	1568	1598	1747	1739	1635	1588	1498	1475	2048	1579	1466	1432	1270	1222	1245	1180	1128	1492	1348	1361	1030	842	1038 ...
%     1041	889	599	591	551	568	532	653	0	1254	539	392	612	683	626	334	315	270	188	276	250	267	237	219	185	145	166	171	149	160	144	123	86	118	124	117	113	87]';
% %malaysia
% V=[15	12	18	23	17	19	22	25	26	17	22	39	27	34	44	36	45	47	46	59	50	50	49	61	60	63	59	61	98	79	67	71	126	103	86	109	87	82	76	75	73	84	76	64	60	101	73	60	74	72	60	69 ...
%     77	83	84	82	81	60	57	107	62	84	73	107	63	77	103	91	135	77	87	90	103	125	118	110	115	138	153	129	93	199	134	144	184	92	207	207	143	174	134	165	160	219	195	257	164	160	210	360	212	201	211	318	277 ...
%     260	282	274	293	225	178	233	223	232	174	211	265	393	339	252	285	295	282	278	249	330	362	336	272	311	362	322	341	592	292	413	463	422	346	388	324	376	301	334	487	116	250	228	278	258	240	208	192	121]';
